FIRE_ID,Open_Water,Developed,Barren,Deciduous,Evergreen,Mixed,Shrub,grass,Pasture,Crops,Wetlands
AL3377308564120120131,2.054303829,1.579682631,0.008955117,56.22380628,24.92209048,6.852455493,2.668624852,1.294909912,2.681162016,1.57430956,0.139699824
FL3035908459920120212,0.023283304,2.426836694,0.008955117,0,42.41859799,0.017910234,0.574918508,0.197012573,0.007164094,0.026865351,54.29845614
FL2854908180920120217,31.0503592,24.63139791,0.34038589,0,1.013991652,0.222146581,0.537451405,0.419212096,13.31804583,2.746376682,25.72063276
UT3714711329520120522,0.00179128,8.685916956,0.188084405,0.00179128,0.951169706,0.01253896,67.54200552,13.93078494,0.709346899,7.71862573,0.257944327
NV3874311953520120522,0,0.757643603,0.415539754,0.017911196,1.599469829,0,56.15160037,41.04529742,0,0,0.012537837
FL2800108148320120522,0.514171056,1.943817407,0.204235193,0.116449891,9.264036691,1.361567953,11.72560823,1.166290444,25.41294923,5.89236447,42.39850944
MI4663708543320120524,4.985757538,5.127286408,0.021498056,8.441570075,15.24212186,1.773589638,1.486948888,31.6648453,0.02687257,0,31.22950967
UT4130811247020120524,8.736142701,0.007163709,11.32224152,0.155810663,2.498343392,0.030445762,36.52775042,40.09706825,0.046564106,0.030445762,0.548023712
CA3306611643120120524,0,2.71519146,2.625640291,0,0.437009707,0,29.98352258,64.23863596,0,0,0
CO3843610898920120525,0.659143829,0.012538062,0,6.249328318,56.32097439,0.105677951,11.19648934,24.02650905,0.499731327,0.463908293,0.465699445
FL2984108222220120525,0.046578287,1.814761734,0,1.017556431,44.7975636,0.315299176,8.960945898,10.56968828,7.878896453,0,24.59871014
AZ3178311160920120530,0.014327674,0.003581918,0,0,40.64044702,0.263271008,42.43319722,16.27623755,0,0,0.368937603
UT4018911192120120531,24.90732284,1.183760454,0.227439603,0,0.6053117,0,28.9815362,42.52046061,0.173713713,0.309819302,1.090635577
CA3614911850520120601,0,0.017909913,0,0.096713531,57.67350228,0.193427062,33.28199158,8.671979941,0,0,0.064475687
NV3887411963420120601,0,0.107461403,0,0.032238421,2.657878712,0,68.99917613,28.11906724,0,0,0.084178099
NV3809511410120120601,0,0,0,0,47.64088418,0,20.06233655,32.28424032,0,0,0.01253896
NM3410510358020120602,0,0.888347602,0.687752982,0,0,0,76.18297095,19.46305119,0,2.777877279,0
UT3823111150520120605,0.064469914,0.85243553,1.466690544,0.723495702,66.16762178,9.054441261,9.876432665,11.58846705,0.008954155,0.089541547,0.107449857
ID4256411501620120603,0,0.100290125,0,0,0,0,0.055517748,99.84419213,0,0,0
WY4218410537620120603,0.0411928,0.025073878,0,0,33.38945106,0,4.912689173,61.56353542,0.007163965,0,0.060893705
CO4080510828320120604,0,0.361728417,0.050140573,0,0.213097434,0,88.00028652,11.37474706,0,0,0
UT3797611156320120604,0.560550163,0.850675167,0.171925929,22.0638275,52.8815502,9.187291808,8.623159855,5.564311043,0,0,0.096708335
NM3341910582920120604,0.188020414,0.195183096,0.046557436,0.585549288,56.39538007,0,15.49288208,27.09642761,0,0,0
ID4317811560420120604,0.003582624,0.042991491,0,0,0.016121809,0,16.2955665,83.07926556,0.562472011,0,0
FL2785808134920120604,15.47761916,1.721327625,0.035823676,0.899174264,4.723351663,3.104121514,17.97632055,2.527360332,23.01492056,6.278099196,24.24188146
WY4407610434920120605,0,0.09492594,0,0,9.96901474,0,10.05140329,66.89950388,10.91827414,1.380903767,0.685974245
UT3845911206020120605,0.494287045,2.537698342,0.09133565,19.73745478,22.84823955,17.5776353,30.86965866,5.779218453,0,0,0.064472223
MT4651510773320120605,0,0.041200917,0,0,27.86615076,0,43.52787332,26.71252508,0.967325881,0.840140441,0.044783606
ID4325711609020120607,0.01253649,1.146193384,0,0,0,0,29.16703978,69.67423035,0,0,0
TX2957509453720120608,33.56555689,1.858982395,0.041191325,0,0,0,0,0.001790927,0.182674571,0.034027616,64.31577628
WY4229810478320120609,7.0866847,2.185479104,1.159020475,0,9.709259624,0,6.509861527,73.0451606,0,0.001791376,0.302742597
CO4058910540420120609,0,1.699802973,0,0.200608992,31.18932474,0.304495791,8.907397457,56.63442594,0.134336378,0,0.929607738
AZ3324911108620120610,0,1.137788927,0.017917936,0,1.612614227,0.066296363,77.6545422,19.44275219,0,0,0.068088156
NV3967911463320120612,0,0.494295897,0,1.15514802,50.51310063,0.003581854,23.52920107,24.25452657,0.001790927,0,0.048355033
FL2856108089320120223,1.831049001,1.676968557,0,0,3.121024814,0.032249395,0.451491535,1.365224402,0.100331452,0,91.42166084
TX3640110222320120225,0,1.218026797,0,0,0,0,4.521028874,72.49050656,0,21.69162427,0.078813499
SD4357810084420120225,0.406576873,0.549863877,0.051941539,1.422123513,0.008955438,0,0.517624301,95.10674882,0.54090844,0.718226107,0.677031093
OK3621509615120120226,4.41658458,6.248768693,0,72.94707621,0.030446852,0.084176592,1.792782305,13.28378257,1.096086684,0,0.100295514
NC3522208417320120226,0.007163196,2.523235615,0,57.42375674,3.246718361,33.98399026,0.526494869,0.68408517,1.574112211,0,0.030443581
MO3781009282520120302,0.154091487,2.538926018,0.005375284,80.88907205,0,0.390604003,0.60561538,1.23452366,14.14058161,0,0.041210514
MO3745909046820120302,0.899174264,1.19471959,0.010747103,80.76626843,0.838274015,7.773737663,0.139712336,0.343907288,7.397589067,0,0.635870247
OK3581809595220120303,0.177317667,5.052657974,0,73.7337011,0,0,1.121220805,7.277188709,12.19014185,0.447771887,0
OK3574109645020120304,0.198792915,3.524544657,0,52.74280495,0,0.021491126,1.710335441,31.68687429,10.10978384,0,0.005372781
OK3496809505120120304,0.741696227,3.930631696,0.123616038,19.51341861,8.133576982,23.76294385,1.838116737,4.68486868,36.45239887,0,0.818732309
MS3475108905520120306,1.09042077,5.482542525,0.016114593,28.12891674,19.87108326,10.0340197,5.013428827,3.237242614,10.10922113,10.9042077,6.112802149
NC3410107825120120308,0.037611491,0.505068596,0.012537164,0.037611491,8.177812802,0.016119211,2.172511373,2.195794677,0.016119211,0,86.82881398
NE4268309789120120310,8.419317856,1.45457151,0.028661508,25.47649756,0.318859272,0.123602752,0.066279736,54.39058469,0.021496131,2.072585268,7.627543709
MT4858910949320120313,1.519413736,1.449535038,0.005375284,0,0,0,16.52183261,42.57046102,0.487359123,30.97238896,6.47363423
SC3382208078720120313,0.118241427,3.923465549,0.001791537,0.462216489,21.79762801,2.538607618,0.919058368,5.277867355,1.0570067,4.502131929,59.40198502
AZ3328910997820120316,0,0.001790991,0,0,0,0,69.26300707,30.73520193,0,0,0
MN4680409347520120317,0.059110124,1.391774737,0,10.79207566,0,0.073439851,0,0.003582432,4.886436913,0.093143226,82.70043706
MN4891109679920120321,0.338582254,2.939753856,0.050160334,10.4530553,0.659250103,3.040074524,0.256175991,0.257967432,22.51661561,46.08659823,13.40176636
SD4461210303320120326,0.265114196,0.001791312,3.215405284,0,0,0,2.635020152,93.31482311,0.446036722,0,0.121809225
CO3943610521720120326,0,1.065563495,0,9.738713086,56.73454038,4.650871255,14.50957216,12.45007969,0.186249754,0,0.664410179
FL2996108535820120326,1.596230674,6.739640624,0.655690715,0.193482506,7.918450707,0,0.644941687,2.314624053,0.008957523,0,79.92798151
MO3680909113820120327,0.023284138,2.539762144,0,79.54757129,8.536323255,4.606677174,0.454936237,1.527797679,2.763648087,0,0
MT4765110995820120329,0.139694821,2.093631349,0,0,0,0,10.55770471,50.21491511,1.233970915,35.56128663,0.198796475
MT4839710981420120330,0.041197965,0.583936376,0,0,0,0,10.74550405,55.5957584,1.800171957,30.61904421,0.614387046
MN4712909591820120401,2.511059768,3.145093404,0.014328444,1.362993212,0.003582111,0.053731664,0,1.590457256,2.563000376,57.6236276,31.13212616
FL2615908147820120404,0.007165249,2.529332736,0.077026422,0.252575011,3.871025526,0.582176444,0,0.539184953,0.087774295,0.089565607,91.96417376
FL3054908246520120405,0.055524708,0.807794953,0,0.021493436,2.833551253,0,0.087764862,2.874747004,0,0,93.31912378
MN4704809595220120406,2.033030021,2.323206993,0.010747295,1.026366698,0,0.010747295,0,3.474958802,0.512287741,70.28551981,20.32313534
VA3763008006320120407,0,1.995664714,0,80.8280038,0.580426721,12.6690672,1.975958869,1.904301249,0.023288726,0,0.023288726
VA3775808021320120407,0.075213553,4.016761877,0.008953994,77.19775792,0.90793503,14.43025734,1.183718057,1.008219767,1.164019269,0,0.007163196
VA3787807965420120407,0,2.373361037,0.003582432,73.64404958,1.443719997,21.03603926,1.053234936,0.406606004,0.039406749,0,0
MN4773109640120120408,0.202392893,2.58633042,0.120002866,0.198810718,0.008955438,0.032239576,0,0.134331566,6.997779051,72.36531022,17.35384726
MN4659409492420120408,0.39580908,3.08050506,0.050147757,6.81651294,2.065012985,1.396973225,1.508014686,0.904450613,11.07549028,2.220829229,70.48625414
NJ3983707462620120408,2.095422308,2.86732574,0.669818755,13.07579339,19.43369869,15.90371803,0.607135182,0.582061752,0.134321943,2.7724049,41.85829931
VA3850907865220120408,1.671054753,7.749897014,0,52.92389805,1.936130962,16.85920513,0.637615747,3.286586786,13.05500331,1.871652965,0.008955277
WV3892507868820120408,0.026862464,3.085601719,0,72.16690544,1.674426934,17.67908309,1.513252149,0.75752149,3.096346705,0,0
FL2695408110920120402,8.296317524,5.28191718,0.030448488,0,0.519415389,0.012537613,0.777331996,0.383292735,18.26013756,0.836437885,65.60216363
NY4088207283820120409,0.961727887,20.26075899,0.338485234,25.8985977,27.47819546,5.096978706,0.610706163,2.145530741,4.251661085,1.323495173,11.63386285
PA4020807575920120409,0.51757795,8.576750184,0.007163709,66.44877053,0.098500994,5.698730233,1.473933055,0.351021724,9.749807475,4.611637445,2.466106703
TX3179610058220120411,0.00179112,0.927799968,0,3.809711451,4.750049256,0.523006932,27.53129982,61.75064033,0,0.67704322,0.028657914
WA4827511828120120411,0.60367219,2.321540528,0,0.146887595,47.49126735,0.001791312,25.01388267,16.13076579,0.046574116,0,8.243618451
VA3795507978320120411,0,3.003707618,0.064480307,67.47147642,2.597123462,22.51437374,3.086099121,0.564202683,0.698536655,0,0
MS3113308915020120411,0.026873533,9.079671068,0.010749413,0.451475357,44.80713761,2.013723418,19.72875647,10.32660301,0.30277514,0.003583138,13.24865184
MN4873909641620120421,0.123558484,2.23837834,0,5.943342167,0,0.044767567,0.633908746,0.042976864,10.32519161,11.14712413,69.5007521
NM3516710814920120423,0.028664588,0,0,0.066286861,85.81282024,0,13.52789423,0.544627181,0,0,0.019706905
OR4222111786120120423,0,0.010747295,0,0,0,0,20.28551981,76.87182059,0,0,2.831912302
TX3060110420720120424,0,0.001790703,0,8.516581907,57.28636917,0.641071556,9.920492801,23.63369386,0,0,0
TX3069610431620120424,0,0.001790799,0,12.17205996,18.66370588,0.118192726,34.97430204,34.0699486,0,0,0
SD4333210306420120424,0.130744708,0,0.007164094,0,0,0,0,99.81373357,0,0,0.048357632
MI4456608410320120425,1.423838094,5.518044237,0,17.30634906,50.62595146,6.563983165,8.501835766,8.498253783,0.214918958,0.025073878,1.32175159
NV3671011405820120426,0,0.003582368,0,0.082394454,3.980010389,0.082394454,87.24498021,8.606638127,0,0,0
FL2633208064020120505,0.763208342,0.320690829,0,0,0,0,0,0.550011645,0,0.077037462,98.28905172
FL2865808074720120506,14.66831479,2.457856362,0.016122964,0.007165762,5.168305835,0.772110854,0.050160334,1.424195195,0.014331524,0,75.42143638
AZ3133311041620120508,0.007165634,0.983483215,0,0,4.052165813,0,78.20393393,8.699079216,0,0,0
AZ3423111078220120510,0,1.873276263,0,0,58.23990831,0,39.81517963,0.071635804,0,0,0
NV3742311500220120510,0,0.005374418,0.023289144,0,1.126836259,0,22.9021856,75.94231458,0,0,0
AZ3354410988520120511,0.066295175,0,0,0,79.38578416,0,18.51427138,2.026482235,0,0,0.007167046
FL2854308064720120511,3.089294029,11.63186361,0.157598768,0.00358179,6.302159819,0.356388123,0.70023998,0.974246929,0.655467603,0,76.12915935
AZ3393111147420120512,0,0.24895671,0.223881934,0.001791055,36.79902567,0,28.14464564,34.39542923,0.139702327,0,0.046567442
CO3740210724320120513,0,0,0,6.270372891,49.86567325,15.99921195,3.395780349,24.44388724,0.007164094,0,0.017910234
MT4531410617720120513,0,1.122710262,0.017906065,0,17.29188676,0,25.88321665,49.64993643,0.302612495,1.939226816,3.792504521
AZ3421511233820120513,0,0.030441945,0,0,17.90702672,0,8.842489793,73.22004154,0,0,0
NV3991811733920120514,0,0.128939828,0,0,0,0,6.271489971,93.5995702,0,0,0
NV3992311735620120514,0,0.046561605,0,0,0,0,8.576289398,91.377149,0,0,0
FL2641408080620120514,0.111025554,0,0.005372204,0,0,0,0,0.356356213,0,3.964686711,95.56255932
NM3326710859220120509,0,0.005372685,0,0.60532254,15.11336366,0.068054013,28.34270568,55.86518142,0,0,0
NV3992811765320120516,0,0,0,0,0,0,7.420342808,92.57965719,0,0,0
UT4025411222220120517,0,1.203567719,0.008955117,0.00537307,6.436938066,0,62.91506967,29.43009636,0,0,0
TX3401709930720120517,0.186266433,1.928932192,0,0,0,0,19.07798116,52.10445248,0.10567038,26.59311531,0.003582047
LA3108909255720120519,0.510459951,4.219802264,1.413168076,0.483593638,83.25512251,0.522997564,0.435234274,1.337942399,0.055523714,0,7.76615561
TX3119609768720111013,0.223881934,1.556427203,0.574928806,4.674654774,9.75587914,0.265076209,17.60786632,63.41769205,0,0,1.923593574
MN4828309604620111024,8.371393262,1.871652965,0.522988197,0.361793205,0,0.008955277,0,0.046567442,1.722995361,23.13327244,63.96038185
FL2616008100120111026,0.308105687,1.065830721,0,0,8.103896104,3.070309001,0.044782803,0,0,0,87.40707568
MO3747209133720111101,0,2.641996095,0,84.31281234,5.803435491,3.095165595,0.317039531,1.243081553,2.586469398,0,0
TN3617008450920111112,0,0.510423383,0,85.59352389,0.625044774,10.75291926,2.118704778,0.338491296,0.057310696,0,0.003581918
VA3798307892020111113,0.220331393,5.62651142,0,75.56471115,0.755933721,7.408866995,1.137483206,0.161218092,8.422749664,0.610837438,0.091356919
FL2963608198220111114,4.94643305,16.59321366,0.596581748,0.892185317,38.20810491,0.012540757,7.88992798,2.194632556,11.57870221,0,17.08767781
AR3341409246120111013,0.044774783,4.832094564,0.005372974,0.719978508,61.6692039,0.096713531,3.386764574,3.87212322,0.650129847,0.055520731,24.66732336
NV3947511985120111118,0.234636671,38.19562609,0.010746718,0,2.294424245,0.034031273,30.13737888,27.92892837,0.179111963,0.016120077,0.968995719
NV3951511964820111123,0.021488432,8.778024497,0.037604756,0,0,0,35.78182079,55.38106153,0,0,0
MN4720209633320111201,0.014327417,2.184931139,0,0.702043448,0,0.02507298,0,0.044773179,2.940702402,69.77810412,24.31004531
TX2974909411120111217,7.003528632,1.185763671,0.327786634,0,0.003582368,0,0.03761486,1.393540991,9.846137312,0.195239033,80.0068065
OK3633509654820111231,8.074367287,2.464580609,0.028657914,59.49382959,0.825706149,1.325428525,1.674696853,17.09623686,2.842506851,5.253353872,0.920635489
TX2967809420020120102,14.44613594,0.06805767,0.69490463,0,0,0,0.010745948,0.207754992,0.080594609,0,84.49180621
MT4861511299420120104,0.270444532,1.153419064,2.265644589,0,0,0,2.716982484,45.941541,3.347422717,25.17820683,19.12633879
MT4853111296320120104,2.662822556,1.042207618,0.107444084,0,0,0,1.099511129,68.23594721,0.315169314,19.79657253,6.740325556
FL3027608500120120108,0.325960419,3.820184472,0,0.166562192,56.33921375,0,3.485269096,1.011910092,0.687740664,0.102086505,34.0610728
NV3932611980920120119,0.676970468,11.02673854,0.01253649,0,1.627952791,0,47.36644161,36.26090227,0.639360997,0,2.389096835
FL2751208127720120120,0.800788248,2.001074884,0.080616267,0.179147259,3.934073809,1.750268721,9.355069867,1.23074167,61.66965245,0.109279828,18.88928699
TX3547410177720120121,0.223897974,0.071647352,0.171953644,0.272259937,0.010747103,0,76.19158502,8.782174139,0.005373551,0,14.27036128
NM3329610850520110711,0,0.00179128,0,0.01433024,93.51198366,0,5.929136961,0.542757855,0,0,0
NM3436110411620110711,0,0.007164607,0,0,0,0,58.65842737,41.33440802,0,0,0
OK3415009503420110711,4.638086028,3.964757709,0.012535368,14.09512553,31.53182193,14.13094087,16.54668529,11.96769457,2.938648329,0,0.17370438
TX3242110032020110711,0.03762362,6.498136735,0.053748029,0.679016769,0.732764799,0.317113373,65.48659882,24.85488032,0.003583202,1.229038269,0.107496058
TX3398209921920110711,2.58670106,0.431713958,0.001791344,0,0.010748065,0.016122098,18.72671253,66.52694182,0,11.29621668,0.403052451
AR3473409297020110712,0.010746333,6.857951391,0.032238998,16.88607096,39.33336915,9.574982537,13.74276861,12.23469991,1.327172103,0,0
TX3321609834620110712,0.526579739,2.100945694,0,25.52299756,0.925992263,0,12.72567703,57.56376272,0.008955438,0.54090844,0.084181115
TX3216410133120110712,0.238189047,0.333106487,0,0.6930764,0.041190587,0.127153551,53.37583724,44.03452846,0,0.761130413,0.395787815
NM3434710522620110713,0,0.005371627,0,0,0,0,61.96350875,38.03111963,0,0,0
TX3094010424220110713,0,0.023284972,0,2.032957191,3.433637829,0,66.10603618,28.40408383,0,0,0
OK3436309706120110714,1.864789338,1.889868157,0.994196045,22.89337919,5.091000287,6.078030954,0.80968759,54.00365434,6.226712525,0,0.148681571
CA4180512136320110715,0.003582175,0.820318097,0.051941539,0,0.025075226,0,46.54499212,47.98144433,1.017337727,3.555308783,0
NV4047011630920110715,0,0,0,0,0,0,4.949040821,95.05095918,0,0,0
TX3271509932520110715,0.103873775,1.251858087,0,1.305585902,1.414832459,0.085964504,60.82705016,34.69025915,0.01253649,0.306248545,0.001790927
UT4083411277420110716,0,0.001791055,0,0.03940322,0.723586409,0.003582111,16.45979976,82.77183744,0,0,0
ID4542211415020110717,0.467540843,0.019704786,0.010748065,0,49.14732015,0,31.22850387,18.87718544,0,0,0.248996847
AZ3472511155020110718,0.026863426,1.402270855,0,0,88.55797127,0,8.700168344,0.347433647,0,0,0.965292453
AZ3537911193420110718,0,0.134346004,0,0,78.95962455,0,10.73514133,10.17088812,0,0,0
ID4319711613820110718,0,0.112834474,0.048357632,0,0,0,21.05168894,78.78711896,0,0,0
UT3985611196320110718,0,0.044777991,0,0.09492934,9.521591947,0.066271426,58.82036861,31.44847844,0,0,0.003582239
WY4370110410520110718,0,0.531895842,0,0,5.00734267,0.005372685,2.267273183,92.18811562,0,0,0
ID4645711532920110805,0,0.003581726,0,0,96.46662727,0,1.097799029,2.387220402,0,0,0.044771575
OK3482609806320110805,0.297261967,3.572515803,0,22.24092545,0.023279552,0.007162939,4.784843221,63.22368068,0.630338628,5.069570045,0.150421718
OK3498009524220110805,0.105676058,0.850781824,0.010746718,13.73609643,24.52221884,54.23152012,4.280775913,2.262184091,0,0,0
OK3632609622320110805,0.223905995,2.631343257,0,17.10641804,0,0,1.590628191,76.40389059,2.029483941,0,0.014329984
TX3146909831620110805,0.270478442,2.695828183,0.003582496,2.473713436,7.315456679,0.18449854,62.68113995,18.20803554,1.166102424,4.565891056,0.435273255
UT3811111315820110805,0,0.795228628,0,0,2.453745993,0,16.42756076,80.31271828,0.010746333,0,0
CA3393811708020110806,0.003581662,6.076289398,1.199856734,0,0.03760745,0.044770774,34.6472063,47.7023639,0.551575931,8.339899713,1.396848138
MT4620711367720110806,0.014328957,0.19344092,0.09851158,0,76.43603016,0,9.514427469,13.57668679,0,0,0.166574125
NM3212110468320110806,0,0.00716435,0,0.017910875,57.36136982,0,29.07472417,13.53883078,0,0,0
NM3225810312720110806,0,0.800501433,0.050143266,0,0,0,90.66797994,8.436604585,0,0,0.044770774
NV4061311862120110806,0,0,0,0,0,0,1.354013683,98.64598632,0,0,0
OK3469409849320110806,0.171941325,2.63643365,0,4.427489119,0.528361363,0.071642219,6.229290921,85.8864829,0.023283721,0,0.025074777
OK3533409868020110806,0.059109065,3.745365312,0,2.376900894,0.120009314,0.261512834,0.214942055,46.57973455,1.033513049,45.55875978,0.050153146
OR4289811760220110806,0.085958346,2.677244319,0.030443581,0,0.146845508,0,10.39737827,72.28380581,2.358482119,9.946096954,2.073745098
OR4306511751920110806,0,0,21.26489295,0,0,0,2.223416644,76.51169041,0,0,0
TX3039410392420110806,0,0.222110769,0,0,0.010747295,0,36.44228702,63.32485491,0,0,0
UT4021411190120110806,0.012538062,1.146337095,0.005373455,0.170159413,14.15905427,0.023284972,30.56958624,53.81515314,0,0,0.098513344
CO3925110844620110807,0,0.005373359,0,0.062689187,57.07223585,0,33.13750425,9.713241747,0,0,0.008955598
NM3234910450720110807,0,0.03403615,0.001791376,0,0,0,41.36467048,58.599502,0,0,0
NM3322210500120110807,0.00716435,0.001791088,0,0,0,0,16.58188852,83.40915604,0,0,0
NV4149211725420110807,0,0,0,0,0,0,46.05286722,53.94713278,0,0,0
OK3677809663120110807,0.306297915,0.485419503,0,1.004872107,0,0,0,90.96152468,4.569391703,0,2.672494089
TX3014210426520110807,0,0.021491126,0,0,0,0,59.21521572,40.76329316,0,0,0
TX3117910439120110807,0.008957363,0,0,0,0.136151917,0,73.11537083,26.73951989,0,0,0
TX3347509801620110807,0.643081057,2.310792656,0,10.86968204,0.007165249,0,7.634572324,77.9632781,0.103896104,0.431706225,0.035826243
WA4603011885720110807,0.005373359,2.240690656,0,0,0,0,1.395282191,78.25043435,0.04836023,18.05985922,0
NM3304910510820110808,0.005372108,0.001790703,0,0,0.007162811,0,20.05407922,79.93159516,0,0,0
ID4224811280920110809,0,1.49018484,0,0.501504514,0.202392893,0.00716435,56.11119072,11.64565124,0,29.9487749,0.093136553
NM3241610542920110809,0,0,0.059111183,0,0,0,63.00893833,36.93195049,0,0,0
OK3503109988520110809,0.205964001,1.287722755,0.080594609,0.014327931,0.028655861,0.487149637,94.31360258,3.291842035,0,0.152234262,0.137906331
NM3437710409320110810,0,0.003581854,0,0,0,0,46.35814961,53.63826853,0,0,0
TX2923110333020110810,0,0.616089978,0,0.003581918,0,0,85.30876137,13.90679848,0,0,0.16476825
TX3123409768020110810,0.374350708,0.462117141,0.118216013,6.277986745,15.9125918,0.897367007,12.75479133,60.8866201,0.528389755,0,1.787569407
TX3449810079420110810,0.019707964,1.325808474,0,0.068082057,2.947236406,0.514198692,70.65484189,17.6870017,0,6.743706889,0.039415928
SD4343610385020110811,0.014331524,0.017914405,0,0.008957202,33.32079325,0,6.823596854,59.81440676,0,0,0
TX3218910070620110811,0.041201655,0.035827526,0,0.030453397,0.042993032,0.044784408,84.2305143,14.7555667,0.003582753,0.813284847,0.001791376
FL3011508234720110812,1.298468702,6.119817319,0.030446852,0.35461628,34.70224769,0.032237844,15.90579386,8.086325781,0.868630787,0,32.60141488
ID4457811525020110812,0.102093819,0,0.012537837,0,60.46103419,0,22.03435367,17.38818936,0,0,0
MT4608711387620110812,0,0,0.008954796,0,45.01576044,0,46.76552762,8.199011391,0,0,0.010745755
TX3249409854420110812,1.033346467,1.898348795,0.005372685,3.723270891,52.0434113,0.130735342,13.54633046,27.05147032,0.40832408,0.127153551,0.032236112
MT4786611371620110813,0.084163026,0.001790703,1.874865697,0.046558269,69.3055655,0.010744216,19.45061242,9.220328057,0,0,0.003581405
ID4266311590220110814,0,0,0,0,0,0,4.835676547,95.16432345,0,0,0
NV4170211501320110814,0,0,0,0,0.014326391,0,50.4754571,49.48514532,0,0,0.025071184
ID4283111240020110815,0.017913442,13.50315277,0.053740327,2.873316136,3.444754944,0.014330754,62.99978504,11.44131556,1.040770995,4.56255374,0.048366294
ID4297611532920110815,1.42414417,4.362001326,0.007165505,0,0,0,30.29575623,43.13096752,3.559464737,17.06106802,0.159432492
ID4307411529820110815,0,0.388617275,0,0,0,0,1.468507674,98.13392074,0,0,0.008954315
ID4317211595820110815,0,0.677055347,0,0,0,0,8.413039584,90.90990507,0,0,0
ID4336611612920110815,0,0.141480712,0,0,0,0,8.370643648,84.70038325,0,6.787492389,0
ID4346111623420110815,0.057324042,3.027425971,0.005374129,0,0,0,9.367106748,82.68097379,0.089568816,4.766852373,0.005374129
TX3282709409820110913,0.583821344,3.6802235,0.012536041,3.463529075,27.2820072,9.042067372,5.607192106,10.88665628,6.454270313,0,32.98769677
TX3361209797020110913,0.662773618,3.774227063,0.00716512,3.933650987,0,0,5.547594311,79.60806793,1.84322717,4.351019238,0.272274567
CA3776611974120110913,0,1.061962751,0.017908309,0,77.35136103,0.008954155,14.31948424,7.199140401,0,0,0.041189112
AR3445509378920110914,0.039401809,2.962299633,0.087758574,38.05319244,14.81149816,35.46162801,1.07638578,1.25369392,6.24339572,0,0.010745948
TX3349809810120110914,0.510505669,2.629552009,0.214949755,11.10394612,0.01791248,0,14.32281871,67.9527827,0.257939707,2.93585541,0.053737439
OR4224511849220110915,0,0.372612948,0.073447745,0,0,0,68.35297911,31.20096019,0,0,0
OR4264611760220110915,0,0,0,0,0,0,0.128949065,99.87105093,0,0,0
FL2710308092320110921,16.01088884,1.119329477,0,0,0.001790927,0,0.028654835,0.044773179,31.89999463,0.091337285,50.80323083
TX3417609996420110921,0.010746333,0.001791055,0,0.050149553,5.973169989,0.062686941,68.48637902,24.97985063,0,0.435226479,0
TX3419909991520110921,0.413800516,0,0.096732588,0.044783606,10.29485526,0.70399828,79.16308398,7.16179421,0.01253941,1.081971912,1.026440241
WY4225910726320110921,0,0,0,1.061924716,35.66312095,0.214892017,55.48332796,7.300956269,0,0,0.275778088
OR4444312138020110922,0.044769972,2.533980409,0,0,0.180870686,0,77.50398453,12.17564155,1.846313641,3.653229706,2.061209506
TX2945310297920110922,0,0.003581598,0,0,0.58917283,0,78.74858975,20.65865583,0,0,0
CA4024312331620110923,0,5.758346468,1.139131681,0.890170512,67.69057172,4.151740937,16.47979653,3.841882791,0,0,0.048359364
NV4115411482620110924,0,0,0,0,3.647857309,0,33.763722,62.58842069,0,0,0
WY4333510557820110924,0.012538287,0.032241308,0,0,0,0,24.978058,74.8679002,0,0,0.109262211
NV3823411935020110925,0,0.9924047,0,0.064488392,19.9609487,0.014330754,41.35139008,18.53503869,0,0,19.08139868
FL2912508148520110928,17.68109193,0.019703375,0,0.034033102,18.51400731,0.025077022,0.415562084,0.225693201,0.021494591,0,63.06333739
NV3883611939320110930,0.001791216,2.51128466,0,0.023285806,13.9553629,0.093143226,61.90621194,7.062764204,0.497958014,12.91108404,1.037113993
NV4051411664320110930,0,0.005370954,0,0,0.073403036,0,71.03802635,28.88319966,0,0,0
NV4078711636620110930,0,0,0,0,0,0,5.58003726,94.41996274,0,0,0
NV4094911623520110930,0,0,0,10.81807432,5.658078618,0.605582829,60.69265776,22.14677321,0,0,0.078833268
NV4104711697720110930,0,0,0,0,0,0,10.81860349,89.18139651,0,0,0
NV4109711741020110930,0,0.005373359,0,0,0,0,1.755297236,98.2393294,0,0,0
NV4113811772720110930,0,0.064465296,0,0,0.007162811,0,3.966406418,95.93152353,0,0,0.030441945
NV4121211745020110930,0,0.007165505,0,0,0,0,8.894183401,91.09865109,0,0,0
NV4160111751620110930,0,0.098506286,0,1.210731812,1.03521152,1.636995379,46.76541176,49.25314325,0,0,0
AZ3598411202120111001,0,0.737901637,1.9754988,0,83.05154565,0,13.8052083,0.413726403,0,0,0.016119211
CA3309811647820111001,0,2.545454545,0.644872369,0,0.465741155,0.035826243,49.82534707,45.44021496,0,0,1.042543663
ID4285511571220111001,0,0.437064503,0.012538736,0,0,0,8.791445,82.5066724,1.689146829,6.20667419,0.356458345
MT4550311253520111001,0,0.979847738,0,0,2.611733094,0,22.97716077,73.4312584,0,0,0
MT4827710886020111001,0.068067423,0.005373744,0,0,0,0,8.906084869,59.05028033,0.00895624,31.10681212,0.854425278
NV4129511728720111001,0,0,0,0,0,0,34.68316796,65.31683204,0,0,0
NV4169811421820111001,0,0,0,0,0.36888475,0,11.91891698,87.71219827,0,0,0
OR4255711905020111001,0,0,20.98937904,0,0,0,34.96319381,44.04742715,0,0,0
OR4431411944320111001,0,0.001790799,0,0,19.2725775,0,4.145699397,75.90838273,0,0.098493938,0.57305564
ID4276311539120111002,0,0,0,0,0,0,0.284752319,99.71524768,0,0,0
WY4413310626920111002,0.157618527,1.044222744,0.008955598,0,0,0,38.41414268,60.33207358,0,0,0.042986871
AR3595109291920111004,0.700265062,2.014829142,0.14148578,74.03288201,5.748979153,7.921412709,0.379683358,0.698474103,8.308259904,0,0.053728777
NE4139410051820111004,0.071646068,3.18287659,0.055525703,0,0.017911517,0.003582303,0,42.30879455,0,53.79186817,0.567795092
MN4883009632220111005,2.611499194,0.569586244,0.014329214,1.552928533,0,0,0,0.222102812,0.003582303,0.037614186,94.98835751
SD4331810023020111005,0.630406361,0.990382721,0.003581854,0.854272257,0,0,0.021491126,83.96224726,3.218296112,5.770367319,4.548954994
SD4399809948620111005,1.8340408,1.380903767,0,2.190460839,3.539125607,0.008955277,0.111045439,88.40649795,0.195225046,2.23344617,0.100299106
SD4572510006820111005,0.060899158,2.735088662,0,0.171950564,0,0,0.014329214,45.99498478,4.159054272,45.43077199,1.432921368
AZ3330810964820111010,0.007163324,0.762893983,0,0,90.33667622,0,5.168338109,3.694484241,0,0,0.030444126
UT3971911241920110815,0,0,0.601697647,0,0,0,44.93750224,54.46080011,0,0,0
MT4751911341120110816,6.22772295,0,0.254338987,0,58.39587326,0.010746718,5.382314485,29.59287851,0,0,0.136125092
NV3884811963920110816,0,0.864986837,0,0.037608123,4.853238776,0,45.62760794,48.50552481,0,0,0.111033507
AZ3331811087020110817,0,0.089539944,0,0,80.38000752,0,19.41763221,0.107447933,0,0,0.005372397
MN4790609152420110817,5.687008544,0,0.039406043,8.640670619,7.564169159,6.07211306,0.01432947,46.44539576,0,0,25.53690734
NM3572810657220110817,0,0.021488432,0,0.196977294,74.45204498,0.008953513,4.885036888,20.32984743,0.055511783,0,0.050139675
TX3098709420120110817,1.321917317,5.525900982,0.1128466,0.763057964,52.15841513,4.793293688,4.513864011,13.17439278,2.69398868,0,14.94232285
UT3761911218820110817,0.017911196,2.045458616,5.249771632,0.044777991,64.78479698,0.175529724,25.0201501,2.538016514,0.014328957,0,0.109258297
AZ3351411132920110818,0,0.664481579,0,0,0.342091595,0,87.66320993,10.91648308,0,0,0.413733813
CA4189912012320110818,0.367179524,1.003026992,0.014328957,0.09851158,9.491142913,0.150454049,67.31744013,19.08437965,0.019702316,1.674696853,0.779137039
FL2632608054720110818,1.640342395,0,0.0053723,0,0,0,0,0.068049139,0,0.261451954,98.02478421
ID4551711451120110818,0,0,0,0,8.260347823,0,0.807766017,90.93188616,0,0,0
NM3313310507720110818,0,0.001791248,0,0,0.037616207,0,38.900532,61.06006054,0,0,0
OK3434609658820110818,0.841931786,1.757308684,0,35.78389223,3.595227859,0.08061049,4.22757237,40.9590857,12.72929206,0,0.025078819
TX3003310418920110819,0,0.87213467,0,0,0,0,80.58739255,18.54047278,0,0,0
TX3459410106920110819,0.091324201,0,5.742680634,9.195093563,4.032590205,1.189005282,70.301728,8.423314531,0.032232071,0.214880473,0.777151043
AZ3383511101020110820,0,1.635087217,0.026863426,0,46.40746445,0,19.55657438,32.21999355,0,0,0.154016978
AZ3580711193420110820,0,1.395332175,0,0,58.6093249,0,36.72105895,3.274283974,0,0,0
AZ3598111192720110820,0.00179128,0.612617777,1.11775875,0,72.8585247,0,5.764339197,19.64496829,0,0,0
OR4300312219820110820,0,0.005373166,0.856124514,0,86.01185679,0,3.861515591,8.810201852,0,0,0.454928089
TX3127009776020110820,0.082391503,0.988698035,4.29331375,7.182389712,12.40708567,0.426286472,17.46162526,55.01782164,0,0,2.140387957
UT4182911286620110820,0,0,0,0,0.168389374,0,47.38011214,52.40671408,0,0.044784408,0
UT4194611259120110820,0,0.592977427,0,0.003582945,3.072375493,0,63.32139018,11.5030455,0.447868148,21.0587603,0
WY4356311039520110820,0.189899497,0.007166019,0.010749028,0.121822319,44.27524678,0.03045558,25.42324298,25.5074437,0.456833695,0,3.9771404
ID4274711279320110821,0,2.056021205,0,0.014327674,0.025073429,0,50.58922559,28.30073788,0.171932087,18.84268214,0
ID4295111354520110821,0,0,1.672696013,0,0,0,21.97070096,76.35660303,0,0,0
WA4799211896720110821,4.262218719,4.998566719,0.014332808,0,0.870718074,0,15.37731117,73.76379533,0.229324925,0.252615737,0.231116526
WY4195210526420110821,0,0.008956721,0,0,5.094582975,0,2.781957581,91.7813127,0,0,0.333190026
WY4495310930920110821,0,0,0.299133052,0.193451315,10.5036899,0.039406749,56.00952927,32.86522892,0,0,0.084187146
MT4517010618320110822,0,1.75683662,0,0,3.010440731,0,8.458246029,86.20856391,0.105660918,0,0.460251795
MT4526310580220110822,0,0.213085986,0.066253626,0,5.509794793,0,5.755112273,88.4038248,0,0,0.051928518
MT4553410668420110822,0,0.021493051,0,0,24.46088265,0,15.45529445,58.30527296,0.16836223,0.170153317,1.418541338
MT4568210688720110822,0,0.051937818,0,0,22.847267,0,0.811304535,75.67877355,0.007163837,0.225660864,0.377892399
MT4577310607420110822,0,0.03045558,0,0.014332037,32.26858238,0,2.251921389,60.54210932,0.02687257,3.0975116,1.768215124
MT4583610601620110822,0,0.001790863,0,0,16.8806748,0,10.42819535,71.51990544,0,0,1.16943355
MT4671611388820110822,0.788134986,6.942752741,0.050154045,0.035824318,59.78899477,0.089560794,16.23558071,14.97277352,0.49974923,0,0.596474887
OR4463812121020110822,0.410232525,5.177170291,0,0,0.245422952,0,56.29142632,11.69968829,3.19049837,22.5484576,0.437103651
OR4555812091720110822,1.363261796,2.821468238,0,0.07882197,0.100318871,0,11.05836409,28.14481746,0.003582817,56.25380674,0.175558024
WY4449810543920110822,0.055520731,1.019074057,0,0,3.958090803,0,43.55511776,44.05838632,4.968209904,0.238201845,2.147398585
TX3339109814820110823,0.440702257,2.205302759,0,28.39663203,0.030455034,0,12.64779649,54.38910785,0.019706198,1.838050878,0.032246507
LA3007808990820110824,15.18452168,22.58330348,0.485489072,0,0.008957363,0,0.00716589,0.510569688,0.243640272,0.030455034,60.94589753
MT4555111331620110824,0,0.003581983,0.010745948,0,77.9797618,0,4.235694457,17.70574013,0.044774783,0,0.019700904
NV3997911943320110824,0.010746525,0,0.116420691,0,1.183908869,0,77.53438888,21.15453503,0,0,0
OR4235811722120110824,0,0,0,0.005372397,0.263247435,0,68.82040078,30.91097939,0,0,0
OR4476712123320110824,0,0.001790927,0,0,8.363629851,0,32.9136594,58.69405591,0,0,0.026863907
OR4493112043020110824,0.814784306,0.007162939,0.402915316,0,0.429776337,0,49.49053597,48.65247211,0.200562291,0,0.001790735
OR4503712107920110824,1.405575749,0.435101792,0.123547423,0,2.861286684,0,11.13896399,84.01224731,0,0,0.023277051
TX3512710125220110824,0.983324676,0.702118895,0,0,0,0,0.736150167,89.58463936,0,7.646289696,0.347477208
AZ3198511002520110825,0,0.050159435,0,0,17.48414604,0.012539859,53.49145498,28.96169969,0,0,0
CA3766311987120110825,0.055520731,2.213665264,0,0.060893705,44.41658458,0.023282887,48.68451688,4.538371989,0,0,0.007163965
ID4365211280320110825,0,0.005374225,0.062699294,0,0,0,45.44444843,54.48747806,0,0,0
ID4498311423620110825,0,0,0.197005516,0,42.74303317,0,5.688086539,51.37187478,0,0,0
ID4635811475620110825,0.333172121,0,0.130761101,0,63.98695971,0,12.45275583,22.9458864,0,0,0.150464829
NV3735511477120110825,0,0,0,0.007164992,25.39810486,0,51.40344278,23.15008867,0,0,0.041198703
OR4268311872620110825,0.055533661,0.007165634,0,0.005374225,18.23653757,0,64.13242091,16.82849056,0,0,0.734477446
OR4298311853820110825,0,0,0,0,5.399838811,0,45.88519746,48.13468255,0,0,0.580281186
OR4391611746120110825,0.381474318,1.925281181,0.001790959,0,0.137903861,0,25.42266638,60.31055233,0.152231535,11.58392435,0.084175084
OR4473012013820110825,1.271763273,0.92964104,0.001791216,0.005373648,4.472666046,0,49.28172243,42.46614602,0.772014043,0.79529985,0.003582432
TX3485810125120110825,2.078517802,0.759734093,0,1.908294361,18.96109946,0.132595101,33.01080471,42.35875934,0,0.003583651,0.786611478
WY4294910640920110825,0.041205346,0.496255688,0.143322942,0,0,0,63.98294457,24.38460712,1.139417392,5.374610341,4.437636605
WY4302610490720110825,0,0.100293717,0.048355899,0,0.68235547,0,19.29937675,79.80335268,0,0,0.066265492
WY4322410487820110825,0.003581405,0.007162811,0.02686054,0,0,0,10.80151852,89.12506267,0,0,0.035814053
WY4338310434020110825,0.012536041,0.005372589,0,0,0,0,3.230716882,96.63496839,0,0,0.116406096
WY4445711028320110825,31.68150151,0.073428014,0,0,38.41001486,0,1.110374841,26.32483837,0,0,2.399842398
OR4309711823520110825,0,0.906355234,0,0,0.034033102,0,24.83699936,74.15812854,0,0,0.064483772
AZ3589711200120110826,0,0.003581277,0,0,79.05848225,0,5.51337607,15.4245604,0,0,0
AZ3689811363420110826,0,0.001790895,0.501450625,0,0.042981482,0,68.29936602,31.15441097,0,0,0
OR4485612210620110826,0.325989611,0.001791152,0.071646068,0,75.09224431,0,5.140605409,19.30145083,0,0,0.066272613
TX3120009777320110826,0.069854917,2.407307899,2.478953967,6.989073975,15.92871216,0.487193265,23.0377933,45.85348379,0,0,2.747626724
WY4388511010720110826,0.094937843,0,0.933256905,0.154050084,39.6750618,0.01074768,20.16443951,38.01096263,0,0,0.956543546
NV3998511750620110827,0,0.041188374,0,0.010744793,14.46428252,0,36.64690819,44.22556903,0.38144016,4.229866944,0
OR4542512164220110827,0.003581213,0.021487278,9.48305191,0,49.22914391,0,12.53603596,26.31833402,0.003581213,0,0.03581213
WY4469810555220110827,0.001790863,0.082379699,0,0,4.450294597,0,30.48048855,57.67116173,6.223248984,0,1.090635577
TX3631110122720110827,0.007163709,0.698461594,0,0,0,0,55.0602647,18.69727958,0,25.4634024,0.073428014
AZ3340011115020110828,0,0.00179144,0,0,12.78371939,0.008957202,73.62283012,13.56299601,0,0,0.019705845
CA3536411577420110828,0,0,0,0,0,0,88.431499,11.568501,0,0,0
MT4563111461820110828,0,0,0,0,36.27816183,0,25.04029514,38.68154304,0,0,0
MT4596311360620110828,0,0.001791248,0,0,85.12368567,0,6.831819729,8.042703351,0,0,0
MT4622211394220110828,0.019703728,0.574990596,0.100309886,0,31.57791033,0,9.742597668,57.98448779,0,0,0
OR4435212182320110828,2.019876444,1.214074671,2.075387233,0.008953353,48.28722357,0,6.4392515,39.82093294,0,0,0.114602919
TX3142009810920110828,0.012538511,1.348785556,0.021494591,3.29762843,10.53772301,0.139714838,75.72365121,8.519022713,0.202407394,0.175539156,0.021494591
TX3335510043620110828,0.137903861,0.021491511,2.774195859,0.016118633,0.239988538,0.123576187,68.85880077,21.58284977,0,6.230747188,0.014327674
WY4452110742120110828,1.327005731,0.001790831,0.100286533,0.034025788,52.06840974,0.025071633,26.62786533,19.17084527,0,0,0.64469914
AZ3327111471120110829,3.573027671,3.737798872,0.016118922,0,0,0,28.96749351,1.980836393,3.633921375,5.408793767,52.68200949
MT4578210884420110829,0,1.022436299,0.014324852,0,5.411212778,0,27.09008541,42.69163966,0.759217147,22.95378445,0.057299407
NV3719411461620110829,0,0,0.00358179,0,0.012536266,0,48.6496651,51.33421684,0,0,0
OK3597209656420110829,0.315253994,11.93308017,0.397649925,49.03632586,0.324210074,0.279429677,3.79737766,31.51465215,2.36798739,0,0.034033102
WA4566512100820110829,7.851528228,4.050206808,0.003581085,0,0.021486508,0,4.474565346,70.91442998,0,12.60362764,0.080574406
WA4825011939020110829,0.847518366,1.886758645,0,0,14.81275757,0.078838918,10.49453503,69.96595592,0.849310159,0,1.06432539
OK3553609741520110830,2.489834668,17.19598044,0.66813549,22.83303778,0.143299837,0.218532251,4.28108263,35.28041987,5.51166998,10.65434288,0.723664177
TX3214910122820110830,0.152266987,1.943643301,0,0.121813589,0,0.053741289,55.99663221,41.53305985,0,0.198842771,0
TX3278109843820110830,2.647274811,7.245078899,0.023284555,3.66642188,29.51406924,0.085973742,10.74850889,46.00311655,0.005373359,0.030449034,0.030449034
WY4182510535820110830,0,0.431636637,0,0,5.30322026,0,15.40996525,77.9328008,0.372532865,0,0.549844181
TX3209109495620110830,0.422742091,4.40296636,0.216744886,3.412388493,17.57603984,7.71146061,5.230537742,3.976641708,34.45168918,0,22.59878909
ID4312311575820110831,1.424067639,11.1507183,0.019704081,0,0,0,10.50406621,75.62963494,0.00179128,1.270017555,0
ID4390811297320110831,0,0,0.071662755,0,23.54121504,0.03224824,67.97749789,8.377376068,0,0,0
TX3073809581820110831,0.6375244,3.370283483,0.003581598,1.488153865,48.29068247,8.696119339,6.914274458,9.44288247,18.60281872,0,2.553679196
TX3455410094920110831,0.046573281,1.194783792,0,3.645254899,2.858882958,0.553505535,55.42041343,26.37480744,0.048364561,9.841292588,0.01612152
UT4149411255520110831,0.034025179,0.01611719,6.588349063,0.003581598,1.284002794,0,33.21573754,54.08928923,0.825558282,0.39755735,3.545781773
WA4769312310920110831,0.044777991,0.09492934,1.540362881,0.205978757,84.14142681,0.155827408,5.324998657,8.083322885,0,0,0.408375275
WY4340410426920110831,0,0.030447943,0,0,0,0,1.024483728,98.89491878,0,0,0.050149553
ID4280911470420110901,0.274060938,1.293281029,0.003582496,0,0,0,1.219839862,69.87479177,1.587045695,25.74739821,0
OK3471109880020110901,0.154003188,0.146840249,0,3.825009401,0.159375392,5.225363967,8.688644951,81.79539065,0,0,0.005372204
UT3965711220620110901,0,1.689056063,0,1.110514061,2.740462117,1.613827691,16.01826975,76.64338169,0,0.184488626,0
CA3435511743420110902,0,20.56958624,0.003582303,0,0,0,22.95360917,56.47322228,0,0,0
FL3039008238920110902,0.023286224,2.688663192,0,2.016945206,47.42149856,0,1.947086535,1.390008419,0.005373744,0,44.50713812
